   2.4220000e-01   1.5040000e-01   6.6030000e-01
   2.5039048e-01   1.6499524e-01   7.0761429e-01
   2.5777143e-01   1.8178095e-01   7.5113810e-01
   2.6472857e-01   1.9775714e-01   7.9521429e-01
   2.7064762e-01   2.1467619e-01   8.3637143e-01
   2.7511429e-01   2.3423810e-01   8.7098571e-01
   2.7830000e-01   2.5587143e-01   8.9907143e-01
   2.8033333e-01   2.7823333e-01   9.2210000e-01
   2.8133810e-01   3.0059524e-01   9.4137619e-01
   2.8101429e-01   3.2275714e-01   9.5788571e-01
   2.7946667e-01   3.4467143e-01   9.7167619e-01
   2.7597143e-01   3.6668095e-01   9.8290476e-01
   2.6991429e-01   3.8920000e-01   9.9060000e-01
   2.6024286e-01   4.1232857e-01   9.9515714e-01
   2.4403333e-01   4.3583333e-01   9.9883333e-01
   2.2064286e-01   4.6025714e-01   9.9728571e-01
   1.9633333e-01   4.8471905e-01   9.8915238e-01
   1.8340476e-01   5.0737143e-01   9.7979524e-01
   1.7864286e-01   5.2885714e-01   9.6815714e-01
   1.7643810e-01   5.4990476e-01   9.5201905e-01
   1.6874286e-01   5.7026190e-01   9.3587143e-01
   1.5400000e-01   5.9020000e-01   9.2180000e-01
   1.4602857e-01   6.0911905e-01   9.0785714e-01
   1.3802381e-01   6.2762857e-01   8.9729048e-01
   1.2481429e-01   6.4592857e-01   8.8834286e-01
   1.1125238e-01   6.6350000e-01   8.7631429e-01
   9.5209524e-02   6.7982857e-01   8.5978095e-01
   6.8871429e-02   6.9477143e-01   8.3935714e-01
   2.9666667e-02   7.0816667e-01   8.1633333e-01
   3.5714286e-03   7.2026667e-01   7.9170000e-01
   6.6571429e-03   7.3121429e-01   7.6601429e-01
   4.3328571e-02   7.4109524e-01   7.3940952e-01
   9.6395238e-02   7.5000000e-01   7.1203810e-01
   1.4077143e-01   7.5840000e-01   6.8415714e-01
   1.7170000e-01   7.6696190e-01   6.5544286e-01
   1.9376667e-01   7.7576667e-01   6.2510000e-01
   2.1608571e-01   7.8430000e-01   5.9230000e-01
   2.4695714e-01   7.9179524e-01   5.5674286e-01
   2.9061429e-01   7.9729048e-01   5.1882857e-01
   3.4064286e-01   8.0080000e-01   4.7885714e-01
   3.9090000e-01   8.0287143e-01   4.3544762e-01
   4.4562857e-01   8.0241905e-01   3.9091905e-01
   5.0440000e-01   7.9930000e-01   3.4800000e-01
   5.6156190e-01   7.9423333e-01   3.0448095e-01
   6.1739524e-01   7.8761905e-01   2.6123810e-01
   6.7198571e-01   7.7927143e-01   2.2270000e-01
   7.2420000e-01   7.6984286e-01   1.9102857e-01
   7.7383333e-01   7.5980476e-01   1.6460952e-01
   8.2031429e-01   7.4981429e-01   1.5352857e-01
   8.6343333e-01   7.4060000e-01   1.5963333e-01
   9.0354286e-01   7.3302857e-01   1.7741429e-01
   9.3925714e-01   7.2878571e-01   2.0995714e-01
   9.7275714e-01   7.2977143e-01   2.3944286e-01
   9.9564762e-01   7.4337143e-01   2.3714762e-01
   9.9698571e-01   7.6585714e-01   2.1994286e-01
   9.9520476e-01   7.8925238e-01   2.0276190e-01
   9.8920000e-01   8.1356667e-01   1.8853333e-01
   9.7862857e-01   8.3862857e-01   1.7655714e-01
   9.6764762e-01   8.6390000e-01   1.6429048e-01
   9.6100952e-01   8.8901905e-01   1.5367619e-01
   9.5967143e-01   9.1345714e-01   1.4225714e-01
   9.6279524e-01   9.3733810e-01   1.2650952e-01
   9.6911429e-01   9.6062857e-01   1.0636190e-01
   9.7690000e-01   9.8390000e-01   8.0500000e-02
